strategic_region={
	id=108
	name="STRATEGICREGION_108"
	provinces={
		5 11 12 13 14 15 16 19 28 30 32 36 40 59 63 64 66 67 68 70 74 77 81 86 90 91 94 97 100 101 105 109 110 114 121 124 126 127 136 141 149 152 155 160 163 169 170 172 180 183 186 188 190 193 195 196 197 199 200 204 207 212 214 217 222 226 235 236 244 245 250 251 254 264 274 275 279 283 284 285 288 290 292 293 294 295 300 302 303 307 309 310 311 314 315 322 323 325 326 327 336 339 341 342 345 347 348 349 350 353 356 358 360 363 367 371 374 380 386 390 396 397 398 399 402 403 404 408 410 423 425 426 429 433 440 441 443 444 445 448 449 450 455 457 462 466 471 478 479 483 484 487 488 489 495 496 503 521 523 529 530 533 534 539 543 546 551 557 562 569 574 575 576 577 584 586 587 602 603 604 605 606 613 614 617 622 623 627 630 632 633 637 640 641 642 644 645 658 660 662 664 666 668 672 673 674 676 682 684 687 690 691 705 706 719 727 729 731 732 737 739 755 758 763 767 776 783 793 808 810 814 815 823 826 828 832 835 836 839 843 844 848 849 851 858 864 873 875 876 878 879 885 888 889 904 906 909 916 920 926 927 928 938 939 944 948 952 954 957 958 961 963 964 971 973 983 989 993 1001 1002 1003 1004 1005 1006 1007 1008 1015 1018 1020 1022 1029 1033 1040 1050 1053 1054 1055 1057 1060 1063 1064 1065 1066 1073 1074 1075 1084 1085 1090 1092 1096 1100 1101 1102 1107 1108 1113 1114 1116 1118 1121 1130 1136 1137 1138 1139 1142 1149 1152 1156 1158 1164 1165 1166 1168 1169 1170 1173 1174 1176 1177 1179 1183 1185 1187 1191 1195 1196 1204 1220 1228 1233 1238 1252 1256 1257 1261 1263 1279 1280 1284 1286 1291 1297 1306 1310 1311 1312 1315 1318 1319 1328 1330 1339 1342 1343 1344 1353 1355 1359 1361 1365 1366 1367 1372 1375 1376 1378 1385 1388 1391 1395 1399 1406 1411 1417 1431 1434 1436 1441 1447 1450 1460 1463 1476 1477 1485 1486 1491 1494 1496 1497 1500 1504 1505 1507 1509 1512 1513 1516 1517 1518 1520 1523 1524 1535 1539 1540 1541 1544 1545 1548 1552 1557 1559 1565 1566 1568 1569 1571 1575 1580 1584 1585 1588 1591 1596 1597 1598 1604 1619 1621 1623 1624 1634 1647 1652 1653 1657 1661 1665 1666 1668 1670 1671 1678 1685 1687 1690 1694 1698 1706 1707 1716 1717 1718 1720 1722 1732 1738 1743 1746 1747 1749 1751 1752 1753 1761 1771 1772 1775 1778 1783 1784 1787 1789 1797 1803 1804 1806 1809 1810 1812 1817 1821 1826 1828 1835 1845 1846 1853 1858 1860 1861 1863 1869 1875 1878 1904 1914 1915 1917 1940 1942 1943 1945 1946 1955 1961 1965 1974 1975 1982 1983 1985 1988 1989 2089 2091 2092 2095 2096 2098 2099 2100 2102 2103 2104 2105 2107 2108 2110 2113 2114 2116 2117 2118 2119 2120 2121 2122 2124 2125 2126 2128 2129 2131 2132 2134 2135 2136 2137 2139 2143 2144 2145 2146 2147 2148 2149 2152 2155 2156 2157 2158 2159 2161 2162 2164 2167 2168 2169 2170 2172 2173 2175 2176 2179 2180 2185 2191 2192 2193 2194 2198 2199 2200 2201 2205 2208 2209 2210 2211 2214 2215 2217 2218 2219 2220 2221 2224 2225 2226 2228 2229 2231 2232 2234 2239 2240 2241 2245 2246 2247 2248 2254 2259 2260 2261 2263 2264 2265 2267 2268 2269 2270 2273 2278 2279 2281 2282 2283 2286 2288 2291 2292 2293 2294 2296 2298 2301 2305 2307 2308 2309 2310 2311 2314 2325 2331 2332 2334 2335 2336 2337 2340 2346 2348 2349 2350 2351 2355 2356 2362 2363 2366 2367 2369 2374 2376 2377 2380 2388 2390 2391 2392 2395 2401 2408 2412 2413 2419 2420 2424 2426 2427 2429 2430 2437 2440 2442 2445 2446 2447 2448 2450 2453 2458 2459 2464 2471 2472 2478 2479 2480 2484 2488 2489 2493 2495 2496 2497 2499 2500 2507 2508 2509 2512 2517 2518 2519 2520 2526 2527 2530 2540 2541 2542 2545 2546 2551 2553 2558 2560 2561 2564 2565 2570 2573 2575 2579 2580 2581 2582 2583 2589 2592 2593 2596 2597 2598 2599 2606 2609 2610 2611 2612 2613 2620 2621 2623 2624 2625 2631 2632 2635 2636 2638 2639 2642 2643 2648 2652 2654 2658 2662 2663 2664 2669 2673 2674 2678 2685 2691 2692 2695 2698 2699 2702 2703 2708 2713 2714 2715 2716 2723 2726 2730 2731 2732 2733 2740 2746 2750 2753 2757 2760 2762 2768 2772 2773 2781 2782 2786 2790 2794 2795 2796 2804 2805 2808 2813 2819 2820 2829 2834 2837 2841 2844 2848 2861 2873 2879 2883 2895 2901 2908 2914 2916 2929 2932 2943 2944 2949 2956 3349 3350 3352
	}
	weather={
		period={
			between={ 0.0 30.0 }
			temperature={ 5.0 25.0 }
			no_phenomenon=0.650
			rain_light=0.050
			rain_heavy=0.000
			snow=0.000
			blizzard=0.000
			mud=0.000
			sandstorm=0.200
		}
		period={
			between={ 0.1 27.1 }
			temperature={ 5.0 25.0 }
			no_phenomenon=0.650
			rain_light=0.050
			rain_heavy=0.000
			snow=0.000
			blizzard=0.000
			mud=0.000
			sandstorm=0.200
		}
		period={
			between={ 0.2 30.2 }
			temperature={ 15.0 35.0 }
			no_phenomenon=0.600
			rain_light=0.050
			rain_heavy=0.000
			snow=0.000
			blizzard=0.000
			mud=0.000
			sandstorm=0.300
		}
		period={
			between={ 0.3 29.3 }
			temperature={ 15.0 35.0 }
			no_phenomenon=0.600
			rain_light=0.050
			rain_heavy=0.000
			snow=0.000
			blizzard=0.000
			mud=0.000
			sandstorm=0.300
		}
		period={
			between={ 0.4 30.4 }
			temperature={ 15.0 35.0 }
			no_phenomenon=0.600
			rain_light=0.050
			rain_heavy=0.000
			snow=0.000
			blizzard=0.000
			mud=0.000
			sandstorm=0.300
		}
		period={
			between={ 0.5 29.5 }
			temperature={ 25.0 50.0 }
			no_phenomenon=0.550
			rain_light=0.020
			rain_heavy=0.000
			snow=0.000
			blizzard=0.000
			mud=0.000
			sandstorm=0.350
		}
		period={
			between={ 0.6 30.6 }
			temperature={ 25.0 50.0 }
			no_phenomenon=0.550
			rain_light=0.020
			rain_heavy=0.000
			snow=0.000
			blizzard=0.000
			mud=0.000
			sandstorm=0.350
		}
		period={
			between={ 0.7 30.7 }
			temperature={ 25.0 50.0 }
			no_phenomenon=0.550
			rain_light=0.020
			rain_heavy=0.000
			snow=0.000
			blizzard=0.000
			mud=0.000
			sandstorm=0.350
		}
		period={
			between={ 0.8 29.8 }
			temperature={ 15.0 35.0 }
			no_phenomenon=0.600
			rain_light=0.050
			rain_heavy=0.000
			snow=0.000
			blizzard=0.000
			mud=0.000
			sandstorm=0.300
		}
		period={
			between={ 0.9 30.9 }
			temperature={ 15.0 35.0 }
			no_phenomenon=0.600
			rain_light=0.050
			rain_heavy=0.000
			snow=0.000
			blizzard=0.000
			mud=0.000
			sandstorm=0.300
		}
		period={
			between={ 0.10 29.10 }
			temperature={ 15.0 35.0 }
			no_phenomenon=0.600
			rain_light=0.050
			rain_heavy=0.000
			snow=0.000
			blizzard=0.000
			mud=0.000
			sandstorm=0.300
		}
		period={
			between={ 0.11 30.11 }
			temperature={ 5.0 25.0 }
			no_phenomenon=0.650
			rain_light=0.050
			rain_heavy=0.000
			snow=0.000
			blizzard=0.000
			mud=0.000
			sandstorm=0.200
		}
	}
}
