1 1998
1 305
1 1908
1 549
1 819
1 486
1 2988
1 220
1 260
1 3361
1 3017
1 942
1 60
1 346
1 764
1 394
1 1916
1 482
1 185
1 272
1 432
1 699
1 2777
1 1205
1 1801
1 1885
1 475
1 3130
1 135
1 330
1 1757
1 688
1 107
1 1236
1 720
1 884
1 1489
1 510
1 3253
1 55
1 232
1 1481
1 157
1 2928
1 3371
1 1852
1 1906
1 3313
1 3380
1 3314
1 3035
1 267
1 747
1 3387
1 1115
1 3390
1 3393
1 1358
1 3400
1 3404
1 3214
1 3410
1 740
1 175
1 3416
1 1859
1 1767
1 224
1 3424
1 3277
1 643
1 493
1 3429
1 3431
1 3324
1 234
1 3436
1 3439
1 2079
1 1274
1 951
1 359
1 271
1 261
1 88
1 903
1 164
1 117
1 213
1 249
1 1839
1 372
1 1252
1 576
1 132
1 543
1 360
1 1057
1 1475
1 560
1 2160
1 2149
1 54
1 314
1 489
1 546
1 1923
1 1003
1 236
1 62
1 1202
1 25
1 995
1 2208
1 153
1 522
1 454
1 3336
1 527
1 948
1 248
1 40
1 967
1 2262
1 480
1 459
1 766
1 1579
1 102
1 286
1 390
1 186
1 604
1 602
1 131
1 307
1 256
1 2197
1 1936
1 752
1 370
1 1023
1 944
1 918
1 558
1 572
1 972
1 1045
1 2237
1 1764
1 1487
1 341
1 254
1 1130
1 811
1 1150
1 607
1 6
1 1410
1 193
1 737
1 1512
1 1281
1 937
1 784
1 1302
1 583
1 92
1 1496
1 1280
1 448
1 2512
1 327
1 674
1 2400
1 1216
1 816
1 771
1 285
1 12
1 2561
1 730
1 633
1 298
1 949
1 282
1 1185
1 501
1 1582
1 1304
1 681
1 71
1 987
1 176
1 238
1 36
1 1139
1 703
1 2706
1 373
1 233
1 123
1 368
1 470
1 104
1 1383
1 393
1 58
1 994
1 45
1 1469
1 1007
1 28
1 1089
1 762
1 3356
1 456
1 792
1 371
1 646
1 568
1 725
1 931
1 554
1 662
1 118
1 201
1 78
1 992
1 408
1 2734
1 113
1 704
